#                 x                   p
  5.82806719551e-19       101880.303593
   0.00502512562814       101878.753444
    0.0100502512563       101876.944248
    0.0150753768844       101876.591078
    0.0201005025126        101876.38522
    0.0251256281407       101876.155231
    0.0301507537688        101875.86558
     0.035175879397        101875.50249
    0.0402010050251        101875.06201
    0.0452261306533        101874.54377
    0.0502512562814       101873.947974
    0.0552763819095       101873.276658
    0.0603015075377       101872.534159
    0.0653266331658       101871.726095
     0.070351758794        101870.85957
    0.0753768844221       101869.943134
    0.0804020100503       101868.986236
    0.0854271356784       101867.999484
    0.0904522613065       101866.993614
    0.0954773869347       101865.979251
     0.100502512563       101864.967475
     0.105527638191       101863.968028
     0.110552763819       101862.989358
     0.115577889447       101862.040252
     0.120603015075       101861.127667
     0.125628140704       101860.256277
     0.130653266332       101859.430526
      0.13567839196       101858.654329
     0.140703517588       101857.929737
     0.145728643216       101857.257905
     0.150753768844       101856.640333
     0.155778894472       101856.077039
     0.160804020101       101855.567558
     0.165829145729       101855.111446
     0.170854271357        101854.70803
     0.175879396985        101854.35649
     0.180904522613       101854.056036
     0.185929648241       101853.805133
     0.190954773869       101853.601738
     0.195979899497       101853.443797
     0.201005025126        101853.31991
     0.206030150754       101853.242609
     0.211055276382       101853.216676
      0.21608040201       101853.223362
     0.221105527638       101853.261712
     0.226130653266       101853.331355
     0.231155778894       101853.429586
     0.236180904523       101853.551989
     0.241206030151       101853.694461
     0.246231155779       101853.854554
     0.251256281407       101854.027447
     0.256281407035       101854.207549
     0.261306532663       101854.392479
     0.266331658291       101854.578688
      0.27135678392       101854.760493
     0.276381909548       101854.933737
     0.281407035176       101855.096405
     0.286432160804       101855.245646
     0.291457286432       101855.376561
      0.29648241206       101855.485939
     0.301507537688       101855.577926
     0.306532663317       101855.652347
     0.311557788945       101855.694284
     0.316582914573         101855.7093
     0.321608040201       101855.711039
     0.326633165829       101855.694486
     0.331658291457        101855.65832
     0.336683417085       101855.604121
     0.341708542714       101855.533642
     0.346733668342       101855.450316
      0.35175879397       101855.355354
     0.356783919598       101855.249619
     0.361809045226       101855.136025
     0.366834170854       101855.019645
     0.371859296482       101854.902371
     0.376884422111       101854.785339
     0.381909547739       101854.670403
     0.386934673367       101854.559307
     0.391959798995       101854.451001
     0.396984924623       101854.323572
     0.402010050251       101854.169932
     0.407035175879       101854.015382
     0.412060301508       101853.872282
     0.417085427136       101853.733336
     0.422110552764       101853.590699
     0.427135678392       101853.442653
      0.43216080402       101853.288782
     0.437185929648       101853.127314
     0.442211055276       101852.958039
     0.447236180905       101852.781307
     0.452261306533       101852.596655
     0.457286432161       101852.403571
     0.462311557789        101852.20053
     0.467336683417       101851.988022
     0.472361809045       101851.769187
     0.477386934673       101851.546108
     0.482412060302       101851.320687
      0.48743718593       101851.096339
     0.492462311558        101850.87624
     0.497487437186       101850.662749
     0.502512562814       101850.459525
     0.507537688442       101850.269416
      0.51256281407       101850.092197
     0.517587939698       101849.920392
     0.522613065327       101849.758008
     0.527638190955       101849.614713
     0.532663316583       101849.475632
     0.537688442211       101849.327228
     0.542713567839       101849.172002
     0.547738693467       101848.995291
     0.552763819095       101848.773186
     0.557788944724       101848.489972
     0.562814070352       101848.119916
      0.56783919598       101847.654642
     0.572864321608       101847.066392
     0.577889447236       101846.264866
     0.582914572864       101845.285366
     0.587939698492       101844.410288
     0.592964824121       101843.658769
     0.597989949749       101842.624425
     0.603015075377       101841.207461
     0.608040201005       101839.628436
     0.613065326633       101837.972708
     0.618090452261       101836.315046
     0.623115577889       101834.801978
     0.628140703518       101833.520865
     0.633165829146       101832.474778
     0.638190954774       101831.625271
     0.643216080402       101830.926665
      0.64824120603       101830.342108
     0.653266331658        101829.84313
     0.658291457286       101829.408468
     0.663316582915       101829.023191
     0.668341708543        101828.67684
     0.673366834171       101828.361988
     0.678391959799        101828.07325
     0.683417085427       101827.806621
     0.688442211055       101827.559042
     0.693467336683       101827.328116
     0.698492462312        101827.11192
      0.70351758794        101826.90888
     0.708542713568       101826.717686
     0.713567839196       101826.537229
     0.718592964824       101826.366562
     0.723618090452       101826.204865
      0.72864321608       101826.051425
     0.733668341709       101825.905616
     0.738693467337       101825.766884
     0.743718592965       101825.634739
     0.748743718593       101825.508742
     0.753768844221         101825.3885
     0.758793969849        101825.27366
     0.763819095477       101825.163902
     0.768844221106       101825.058938
     0.773869346734       101824.958506
     0.778894472362       101824.862366
      0.78391959799       101824.770299
     0.788944723618       101824.682107
     0.793969849246       101824.597605
     0.798994974874       101824.516625
     0.804020100503       101824.439012
     0.809045226131       101824.364623
     0.814070351759       101824.293324
     0.819095477387       101824.224985
     0.824120603015        101824.15949
     0.829145728643       101824.096741
     0.834170854271       101824.036644
     0.839195979899       101823.979109
     0.844221105528       101823.924049
     0.849246231156       101823.871386
     0.854271356784       101823.821048
     0.859296482412       101823.772964
      0.86432160804       101823.727072
     0.869346733668       101823.683313
     0.874371859296       101823.641632
     0.879396984925       101823.601979
     0.884422110553       101823.564307
     0.889447236181       101823.528572
     0.894472361809       101823.494737
     0.899497487437       101823.462765
     0.904522613065       101823.432626
     0.909547738693       101823.404293
     0.914572864322       101823.377743
      0.91959798995       101823.352962
     0.924623115578        101823.32994
     0.929648241206       101823.308679
     0.934673366834       101823.289186
     0.939698492462       101823.271487
      0.94472361809       101823.255631
     0.949748743719       101823.241681
     0.954773869347        101823.22973
     0.959798994975       101823.219902
     0.964824120603       101823.212354
     0.969849246231       101823.207274
     0.974874371859       101823.204862
     0.979899497487       101823.205014
     0.984924623116       101823.207787
     0.989949748744       101823.214049
     0.994974874372       101823.220326
                  1       101823.201714
