#                 x                   p
  5.82806719551e-19       101868.511507
   0.00502512562814       101866.957778
    0.0100502512563       101865.139436
    0.0150753768844       101864.769208
    0.0201005025126       101864.536368
    0.0251256281407        101864.26993
    0.0301507537688       101863.932602
     0.035175879397       101863.509621
    0.0402010050251       101862.994033
    0.0452261306533       101862.381253
    0.0502512562814       101861.670412
    0.0552763819095       101860.854875
    0.0603015075377       101859.923129
    0.0653266331658       101858.870354
     0.070351758794       101857.689498
    0.0753768844221       101856.368853
    0.0804020100503       101854.900791
    0.0854271356784        101853.28572
    0.0904522613065         101851.5481
    0.0954773869347       101849.746872
     0.100502512563       101847.923012
     0.105527638191       101846.146485
     0.110552763819       101844.566409
     0.115577889447       101843.278504
     0.120603015075       101842.285287
     0.125628140704        101841.60914
     0.130653266332       101841.299517
      0.13567839196       101841.287006
     0.140703517588       101841.371682
     0.145728643216       101841.405793
     0.150753768844       101841.229489
     0.155778894472       101840.651492
     0.160804020101       101839.691949
     0.165829145729         101838.5223
     0.170854271357       101837.241214
     0.175879396985       101835.915023
     0.180904522613       101834.652251
     0.185929648241       101833.534115
     0.190954773869       101832.578772
     0.195979899497       101831.771942
     0.201005025126       101831.091944
     0.206030150754       101830.511692
     0.211055276382       101830.007935
      0.21608040201       101829.563064
     0.221105527638       101829.164314
     0.226130653266       101828.802551
     0.231155778894       101828.471205
     0.236180904523       101828.165468
     0.241206030151       101827.881728
     0.246231155779         101827.6172
     0.251256281407        101827.36967
     0.256281407035       101827.137335
     0.261306532663       101826.918694
     0.266331658291       101826.712474
      0.27135678392       101826.517581
     0.276381909548       101826.333059
     0.281407035176       101826.158072
     0.286432160804       101825.991878
     0.291457286432       101825.833815
      0.29648241206       101825.683292
     0.301507537688       101825.539778
     0.306532663317       101825.402794
     0.311557788945       101825.271905
     0.316582914573       101825.146719
     0.321608040201       101825.026876
     0.326633165829        101824.91205
     0.331658291457       101824.801942
     0.336683417085       101824.696278
     0.341708542714       101824.594807
     0.346733668342       101824.497297
      0.35175879397       101824.403536
     0.356783919598       101824.313325
     0.361809045226       101824.226482
     0.366834170854       101824.142839
     0.371859296482       101824.062238
     0.376884422111       101823.984535
     0.381909547739       101823.909589
     0.386934673367        101823.83727
     0.391959798995       101823.767457
     0.396984924623       101823.700044
     0.402010050251       101823.634932
     0.407035175879       101823.572024
     0.412060301508       101823.511227
     0.417085427136       101823.452454
     0.422110552764       101823.395625
     0.427135678392        101823.34066
      0.43216080402       101823.287489
     0.437185929648       101823.236042
     0.442211055276       101823.186253
     0.447236180905       101823.138061
     0.452261306533       101823.091408
     0.457286432161       101823.046237
     0.462311557789       101823.002495
     0.467336683417       101822.960132
     0.472361809045         101822.9191
     0.477386934673       101822.879352
     0.482412060302       101822.840844
      0.48743718593       101822.803535
     0.492462311558       101822.767384
     0.497487437186       101822.732352
     0.502512562814       101822.698403
     0.507537688442       101822.665502
      0.51256281407       101822.633613
     0.517587939698       101822.602705
     0.522613065327       101822.572746
     0.527638190955       101822.543706
     0.532663316583       101822.515555
     0.537688442211       101822.488266
     0.542713567839       101822.461812
     0.547738693467       101822.436166
     0.552763819095       101822.411305
     0.557788944724       101822.387202
     0.562814070352       101822.363836
      0.56783919598       101822.341183
     0.572864321608       101822.319223
     0.577889447236       101822.297933
     0.582914572864       101822.277293
     0.587939698492       101822.257285
     0.592964824121       101822.237889
     0.597989949749       101822.219085
     0.603015075377       101822.200857
     0.608040201005       101822.183188
     0.613065326633        101822.16606
     0.618090452261       101822.149457
     0.623115577889       101822.133364
     0.628140703518       101822.117765
     0.633165829146       101822.102647
     0.638190954774       101822.087995
     0.643216080402       101822.073794
      0.64824120603       101822.060033
     0.653266331658       101822.046698
     0.658291457286       101822.033776
     0.663316582915       101822.021256
     0.668341708543       101822.009126
     0.673366834171       101821.997375
     0.678391959799       101821.985991
     0.683417085427       101821.974964
     0.688442211055       101821.964284
     0.693467336683        101821.95394
     0.698492462312       101821.943923
      0.70351758794       101821.934224
     0.708542713568       101821.924834
     0.713567839196       101821.915743
     0.718592964824       101821.906944
     0.723618090452       101821.898427
      0.72864321608       101821.890186
     0.733668341709       101821.882212
     0.738693467337       101821.874498
     0.743718592965       101821.867037
     0.748743718593       101821.859821
     0.753768844221       101821.852844
     0.758793969849         101821.8461
     0.763819095477       101821.839581
     0.768844221106       101821.833283
     0.773869346734       101821.827198
     0.778894472362       101821.821322
      0.78391959799       101821.815649
     0.788944723618       101821.810172
     0.793969849246       101821.804889
     0.798994974874       101821.799792
     0.804020100503       101821.794878
     0.809045226131       101821.790141
     0.814070351759       101821.785578
     0.819095477387       101821.781184
     0.824120603015       101821.776955
     0.829145728643       101821.772887
     0.834170854271       101821.768975
     0.839195979899       101821.765217
     0.844221105528       101821.761609
     0.849246231156       101821.758148
     0.854271356784       101821.754829
     0.859296482412        101821.75165
      0.86432160804       101821.748608
     0.869346733668       101821.745701
     0.874371859296       101821.742924
     0.879396984925       101821.740277
     0.884422110553       101821.737755
     0.889447236181       101821.735358
     0.894472361809       101821.733082
     0.899497487437       101821.730926
     0.904522613065       101821.728889
     0.909547738693       101821.726968
     0.914572864322       101821.725162
      0.91959798995       101821.723472
     0.924623115578       101821.721896
     0.929648241206       101821.720438
     0.934673366834       101821.719098
     0.939698492462       101821.717881
      0.94472361809       101821.716794
     0.949748743719       101821.715845
     0.954773869347       101821.715046
     0.959798994975       101821.714413
     0.964824120603       101821.713964
     0.969849246231       101821.713721
     0.974874371859       101821.713704
     0.979899497487        101821.71393
     0.984924623116       101821.714394
     0.989949748744       101821.715053
     0.994974874372       101821.715626
                  1         101821.6951
