#                 y    alpha.particles1
  4.69459540686e-18   6.54490325464e-61
   0.00510204081633   6.54490325464e-61
    0.0102040816327   6.54490325464e-61
     0.015306122449   6.54490325464e-61
    0.0204081632653   6.54490325463e-61
    0.0255102040816   6.54490325463e-61
     0.030612244898   6.54490325463e-61
    0.0357142857143   6.54490325463e-61
    0.0408163265306   6.54490325464e-61
    0.0459183673469   6.54490325464e-61
    0.0510204081633   6.54490325464e-61
    0.0561224489796   6.54490325464e-61
    0.0612244897959   6.54490325464e-61
    0.0663265306122   6.54490325464e-61
    0.0714285714286   6.54490325464e-61
    0.0765306122449   6.54490325464e-61
    0.0816326530612   6.54490325464e-61
    0.0867346938776   6.54490325464e-61
    0.0918367346939   6.54490325464e-61
    0.0969387755102   6.54490325464e-61
     0.102040816327   6.54490325464e-61
     0.107142857143   6.54490325464e-61
     0.112244897959   6.54490325464e-61
     0.117346938776   6.54490325464e-61
     0.122448979592   6.54490325464e-61
     0.127551020408   6.54490325464e-61
     0.132653061224   6.54490325464e-61
     0.137755102041   6.54490325464e-61
     0.142857142857   6.54490325464e-61
     0.147959183673   6.54490325464e-61
      0.15306122449   6.54490325464e-61
     0.158163265306   6.54490325464e-61
     0.163265306122   6.54490325464e-61
     0.168367346939   6.54490325464e-61
     0.173469387755   6.54490325464e-61
     0.178571428571   6.54490325464e-61
     0.183673469388   6.54490325464e-61
     0.188775510204   6.54490325464e-61
      0.19387755102   6.54490325464e-61
     0.198979591837   6.54490325464e-61
