#                 x                   p
  5.82806719551e-19       101826.841979
   0.00502512562814        101826.88408
    0.0100502512563       101826.919558
    0.0150753768844       101826.947638
    0.0201005025126       101826.966128
    0.0251256281407        101826.98001
    0.0301507537688       101826.994084
     0.035175879397       101827.011082
    0.0402010050251       101827.031576
    0.0452261306533       101827.055329
    0.0502512562814       101827.082631
    0.0552763819095       101827.112765
    0.0603015075377        101827.14425
    0.0653266331658       101827.177835
     0.070351758794       101827.212867
    0.0753768844221       101827.249042
    0.0804020100503       101827.286405
    0.0854271356784       101827.323436
    0.0904522613065       101827.360926
    0.0954773869347       101827.398912
     0.100502512563       101827.436161
     0.105527638191       101827.473495
     0.110552763819       101827.511232
     0.115577889447       101827.548382
     0.120603015075       101827.584894
     0.125628140704       101827.621061
     0.130653266332       101827.656822
      0.13567839196       101827.691853
     0.140703517588       101827.726281
     0.145728643216       101827.760076
     0.150753768844       101827.792855
     0.155778894472       101827.825803
     0.160804020101       101827.858698
     0.165829145729       101827.890394
     0.170854271357       101827.921029
     0.175879396985        101827.95057
     0.180904522613        101827.98011
     0.185929648241       101828.009133
     0.190954773869       101828.036244
     0.195979899497       101828.063835
     0.201005025126       101828.091561
     0.206030150754       101828.117117
     0.211055276382       101828.141962
      0.21608040201       101828.167208
     0.221105527638       101828.192769
     0.226130653266       101828.217739
     0.231155778894       101828.241492
     0.236180904523       101828.265622
     0.241206030151       101828.289808
     0.246231155779       101828.312911
     0.251256281407       101828.337511
     0.256281407035       101828.363377
     0.261306532663       101828.388298
     0.266331658291        101828.41373
      0.27135678392       101828.440691
     0.276381909548       101828.468075
     0.281407035176       101828.495359
     0.286432160804       101828.523508
     0.291457286432       101828.552229
      0.29648241206       101828.581807
     0.301507537688       101828.613479
     0.306532663317       101828.645608
     0.311557788945       101828.677906
     0.316582914573       101828.711623
     0.321608040201       101828.745821
     0.326633165829       101828.779597
     0.331658291457       101828.813139
     0.336683417085       101828.848343
     0.341708542714       101828.884955
     0.346733668342       101828.920563
      0.35175879397       101828.956562
     0.356783919598       101828.994919
     0.361809045226       101829.033526
     0.366834170854       101829.071114
     0.371859296482       101829.109936
     0.376884422111       101829.148962
     0.381909547739       101829.187092
     0.386934673367       101829.227226
     0.391959798995        101829.26838
     0.396984924623       101829.308437
     0.402010050251       101829.347394
     0.407035175879       101829.386924
     0.412060301508       101829.431997
     0.417085427136       101829.481139
     0.422110552764       101829.530742
     0.427135678392       101829.580563
      0.43216080402       101829.631033
     0.437185929648       101829.684057
     0.442211055276       101829.740357
     0.447236180905       101829.799963
     0.452261306533       101829.862133
     0.457286432161       101829.927911
     0.462311557789       101829.999259
     0.467336683417       101830.075801
     0.472361809045       101830.159012
     0.477386934673       101830.250313
     0.482412060302       101830.349791
      0.48743718593       101830.458645
     0.492462311558       101830.577254
     0.497487437186       101830.705917
     0.502512562814       101830.846887
     0.507537688442       101831.002998
      0.51256281407       101831.175855
     0.517587939698       101831.366914
     0.522613065327       101831.577311
     0.527638190955       101831.808458
     0.532663316583       101832.058403
     0.537688442211       101832.332077
     0.542713567839       101832.639166
     0.547738693467       101832.975353
     0.552763819095       101833.339593
     0.557788944724       101833.737439
     0.562814070352       101834.167221
      0.56783919598       101834.629725
     0.572864321608       101835.126768
     0.577889447236       101835.657092
     0.582914572864       101836.221518
     0.587939698492       101836.817462
     0.592964824121       101837.443156
     0.597989949749       101838.097145
     0.603015075377       101838.774113
     0.608040201005        101839.47096
     0.613065326633       101840.183288
     0.618090452261       101840.911602
     0.623115577889       101841.648213
     0.628140703518       101842.407842
     0.633165829146       101843.207641
     0.638190954774       101844.021437
     0.643216080402       101844.842652
      0.64824120603       101845.685598
     0.653266331658       101846.555427
     0.658291457286       101847.456077
     0.663316582915       101848.399949
     0.668341708543         101849.3968
     0.673366834171       101850.456458
     0.678391959799       101851.591448
     0.683417085427       101852.821431
     0.688442211055       101854.181151
     0.693467336683       101855.696195
     0.698492462312       101857.386352
      0.70351758794       101859.289689
     0.708542713568       101861.469215
     0.713567839196       101863.992588
     0.718592964824       101866.929322
     0.723618090452       101870.372025
      0.72864321608        101874.42732
     0.733668341709       101879.178766
     0.738693467337       101884.612821
     0.743718592965       101890.523166
     0.748743718593       101896.451287
     0.753768844221       101901.853042
     0.758793969849       101906.357932
     0.763819095477       101909.914639
     0.768844221106       101912.562146
     0.773869346734       101914.654039
     0.778894472362       101916.666748
      0.78391959799       101918.619094
     0.788944723618       101920.326523
     0.793969849246        101921.48349
     0.798994974874       101921.780554
     0.804020100503       101921.110411
     0.809045226131       101919.643001
     0.814070351759       101917.715814
     0.819095477387       101915.696804
     0.824120603015       101913.906215
     0.829145728643       101912.538214
     0.834170854271       101911.661453
     0.839195979899        101911.27826
     0.844221105528       101911.339508
     0.849246231156       101911.750927
     0.854271356784       101912.398703
     0.859296482412        101913.16066
      0.86432160804       101913.919636
     0.869346733668       101914.565283
     0.874371859296       101915.028878
     0.879396984925       101915.303146
     0.884422110553       101915.401331
     0.889447236181       101915.359789
     0.894472361809       101915.249026
     0.899497487437       101915.142116
     0.904522613065       101915.084012
     0.909547738693       101915.103981
     0.914572864322       101915.219844
      0.91959798995        101915.40121
     0.924623115578       101915.607726
     0.929648241206       101915.813383
     0.934673366834       101915.990741
     0.939698492462        101916.12059
      0.94472361809       101916.204257
     0.949748743719       101916.283715
     0.954773869347       101916.386814
     0.959798994975       101916.515416
     0.964824120603       101916.687677
     0.969849246231       101916.882727
     0.974874371859       101917.087316
     0.979899497487       101917.311626
     0.984924623116       101917.514815
     0.989949748744       101917.652431
     0.994974874372       101917.720687
                  1       101917.698473
