#                 x                   p
  5.82806719551e-19       101881.334113
   0.00502512562814       101879.785609
    0.0100502512563        101877.98057
    0.0150753768844       101877.635161
    0.0201005025126       101877.441671
    0.0251256281407       101877.228439
    0.0301507537688       101876.960786
     0.035175879397       101876.625298
    0.0402010050251       101876.218159
    0.0452261306533       101875.739162
    0.0502512562814       101875.188739
    0.0552763819095       101874.568889
    0.0603015075377       101873.883666
    0.0653266331658       101873.138282
     0.070351758794       101872.339184
    0.0753768844221        101871.49405
    0.0804020100503       101870.611231
    0.0854271356784       101869.700057
    0.0904522613065       101868.769764
    0.0954773869347       101867.829458
     0.100502512563       101866.888707
     0.105527638191       101865.955629
     0.110552763819       101865.037018
     0.115577889447       101864.140054
     0.120603015075       101863.270161
     0.125628140704       101862.430589
     0.130653266332       101861.624531
      0.13567839196        101860.85457
     0.140703517588       101860.121442
     0.145728643216       101859.425099
     0.150753768844       101858.765947
     0.155778894472       101858.142938
     0.160804020101       101857.554656
     0.165829145729       101857.000085
     0.170854271357       101856.477801
     0.175879396985       101855.986842
     0.180904522613       101855.525474
     0.185929648241       101855.092074
     0.190954773869       101854.686283
     0.195979899497       101854.306583
     0.201005025126        101853.95171
     0.206030150754       101853.622149
     0.211055276382       101853.317096
      0.21608040201       101853.035817
     0.221105527638       101852.778344
     0.226130653266       101852.544675
     0.231155778894       101852.335711
     0.236180904523        101852.15189
     0.241206030151       101851.992402
     0.246231155779       101851.859089
     0.251256281407       101851.751841
     0.256281407035       101851.660369
     0.261306532663       101851.598507
     0.266331658291       101851.575773
      0.27135678392       101851.577015
     0.276381909548       101851.601665
     0.281407035176       101851.653752
     0.286432160804       101851.732766
     0.291457286432       101851.836865
      0.29648241206       101851.965597
     0.301507537688       101852.118674
     0.306532663317       101852.294578
     0.311557788945       101852.491069
     0.316582914573       101852.705395
     0.321608040201       101852.935125
     0.326633165829       101853.177537
     0.331658291457        101853.43074
     0.336683417085       101853.691118
     0.341708542714       101853.954324
     0.346733668342       101854.219067
      0.35175879397       101854.481296
     0.356783919598       101854.735685
     0.361809045226       101854.979589
     0.366834170854       101855.212611
     0.371859296482       101855.430827
     0.376884422111       101855.629916
     0.381909547739       101855.810979
     0.386934673367       101855.971643
     0.391959798995        101856.10884
     0.396984924623       101856.222303
     0.402010050251       101856.310413
     0.407035175879       101856.377453
     0.412060301508       101856.424681
     0.417085427136       101856.439003
     0.422110552764       101856.427427
     0.427135678392       101856.412042
      0.43216080402       101856.388846
     0.437185929648       101856.348843
     0.442211055276       101856.296174
     0.447236180905       101856.235515
     0.452261306533        101856.16992
     0.457286432161       101856.104257
     0.462311557789       101856.044094
     0.467336683417       101855.996273
     0.472361809045       101855.953716
     0.477386934673       101855.889171
     0.482412060302       101855.805717
      0.48743718593       101855.733674
     0.492462311558       101855.679821
     0.497487437186       101855.635368
     0.502512562814       101855.594335
     0.507537688442       101855.557319
      0.51256281407        101855.52673
     0.517587939698       101855.498364
     0.522613065327       101855.471048
     0.527638190955       101855.444174
     0.532663316583       101855.414133
     0.537688442211       101855.379392
     0.542713567839       101855.343451
     0.547738693467       101855.311042
     0.552763819095       101855.278401
     0.557788944724        101855.23981
     0.562814070352       101855.193962
      0.56783919598       101855.142935
     0.572864321608       101855.087249
     0.577889447236       101855.025675
     0.582914572864       101854.956985
     0.587939698492       101854.881631
     0.592964824121       101854.801914
     0.597989949749       101854.716807
     0.603015075377       101854.624712
     0.608040201005       101854.524762
     0.613065326633       101854.417014
     0.618090452261        101854.29987
     0.623115577889       101854.174625
     0.628140703518       101854.043908
     0.633165829146       101853.909352
     0.638190954774       101853.773044
     0.643216080402       101853.630516
      0.64824120603       101853.478806
     0.653266331658       101853.319698
     0.658291457286       101853.154778
     0.663316582915       101852.982413
     0.668341708543       101852.804002
     0.673366834171       101852.622716
     0.678391959799       101852.442392
     0.683417085427       101852.268719
     0.688442211055       101852.101667
     0.693467336683       101851.940843
     0.698492462312       101851.794095
      0.70351758794       101851.659898
     0.708542713568       101851.538144
     0.713567839196       101851.447379
     0.718592964824       101851.382376
     0.723618090452       101851.324558
      0.72864321608        101851.27299
     0.733668341709        101851.22443
     0.738693467337       101851.170878
     0.743718592965       101851.112046
     0.748743718593       101851.023396
     0.753768844221       101850.883744
     0.758793969849       101850.695346
     0.763819095477       101850.446108
     0.768844221106       101850.118848
     0.773869346734       101849.690179
     0.778894472362       101849.143882
      0.78391959799       101848.479434
     0.788944723618       101847.703985
     0.793969849246       101846.824109
     0.798994974874        101845.78098
     0.804020100503       101844.650423
     0.809045226131       101843.772413
     0.814070351759        101843.04134
     0.819095477387        101841.90341
     0.824120603015         101840.3893
     0.829145728643       101838.762381
     0.834170854271       101837.051327
     0.839195979899       101835.410243
     0.844221105528       101834.000401
     0.849246231156       101832.866231
     0.854271356784       101831.976134
     0.859296482412       101831.274843
      0.86432160804        101830.71199
     0.869346733668       101830.251214
     0.874371859296       101829.865502
     0.879396984925       101829.535933
     0.884422110553       101829.249528
     0.889447236181        101828.99732
     0.894472361809       101828.773002
     0.899497487437       101828.572035
     0.904522613065       101828.391066
     0.909547738693       101828.227562
     0.914572864322       101828.079568
      0.91959798995       101827.945548
     0.924623115578        101827.82429
     0.929648241206       101827.714832
     0.934673366834       101827.616424
     0.939698492462       101827.528498
      0.94472361809        101827.45065
     0.949748743719       101827.382597
     0.954773869347       101827.324243
     0.959798994975       101827.275709
     0.964824120603       101827.236116
     0.969849246231       101827.205949
     0.974874371859       101827.187442
     0.979899497487       101827.179605
     0.984924623116       101827.183496
     0.989949748744       101827.201546
     0.994974874372       101827.220952
                  1       101827.207157
