#                 x                   p
  5.82806719551e-19       101827.271492
   0.00502512562814       101827.302113
    0.0100502512563        101827.30846
    0.0150753768844       101827.306884
    0.0201005025126       101827.307581
    0.0251256281407       101827.313889
    0.0301507537688       101827.325176
     0.035175879397       101827.341843
    0.0402010050251       101827.363602
    0.0452261306533       101827.389106
    0.0502512562814       101827.418052
    0.0552763819095       101827.449349
    0.0603015075377       101827.482542
    0.0653266331658       101827.516918
     0.070351758794       101827.552125
    0.0753768844221       101827.587818
    0.0804020100503       101827.624561
    0.0854271356784       101827.661714
    0.0904522613065       101827.698444
    0.0954773869347       101827.735661
     0.100502512563       101827.772472
     0.105527638191       101827.807901
     0.110552763819        101827.84374
     0.115577889447       101827.879704
     0.120603015075       101827.914541
     0.125628140704        101827.94912
     0.130653266332       101827.983536
      0.13567839196       101828.016702
     0.140703517588       101828.049434
     0.145728643216       101828.082506
     0.150753768844       101828.114686
     0.155778894472       101828.145825
     0.160804020101       101828.176164
     0.165829145729       101828.206004
     0.170854271357       101828.235287
     0.175879396985       101828.264067
     0.180904522613       101828.292266
     0.185929648241       101828.320288
     0.190954773869       101828.347596
     0.195979899497       101828.373147
     0.201005025126       101828.398501
     0.206030150754       101828.424076
     0.211055276382        101828.44876
      0.21608040201       101828.472634
     0.221105527638       101828.495915
     0.226130653266       101828.519743
     0.231155778894       101828.543898
     0.236180904523       101828.568377
     0.241206030151       101828.594373
     0.246231155779       101828.620782
     0.251256281407        101828.64665
     0.256281407035       101828.674121
     0.261306532663       101828.702942
     0.266331658291       101828.731019
      0.27135678392       101828.759646
     0.276381909548       101828.790974
     0.281407035176       101828.824543
     0.286432160804       101828.858515
     0.291457286432       101828.893402
      0.29648241206       101828.928799
     0.301507537688       101828.963798
     0.306532663317       101828.999909
     0.311557788945       101829.036752
     0.316582914573       101829.073597
     0.321608040201       101829.111714
     0.326633165829       101829.152253
     0.331658291457       101829.193543
     0.336683417085       101829.233771
     0.341708542714       101829.274272
     0.346733668342       101829.315442
      0.35175879397       101829.356599
     0.356783919598       101829.397552
     0.361809045226       101829.439737
     0.366834170854       101829.482111
     0.371859296482       101829.523405
     0.376884422111       101829.566628
     0.381909547739       101829.610573
     0.386934673367       101829.653077
     0.391959798995       101829.696567
     0.396984924623       101829.741362
     0.402010050251        101829.78667
     0.407035175879       101829.834138
     0.412060301508       101829.883759
     0.417085427136       101829.933471
     0.422110552764       101829.983589
     0.427135678392       101830.036256
      0.43216080402       101830.091967
     0.437185929648       101830.150368
     0.442211055276       101830.212578
     0.447236180905       101830.277867
     0.452261306533       101830.346639
     0.457286432161       101830.421315
     0.462311557789       101830.501001
     0.467336683417        101830.58618
     0.472361809045       101830.679531
     0.477386934673       101830.782143
     0.482412060302       101830.894076
      0.48743718593       101831.014703
     0.492462311558       101831.146086
     0.497487437186       101831.291051
     0.502512562814       101831.450453
     0.507537688442       101831.628145
      0.51256281407       101831.826363
     0.517587939698       101832.042485
     0.522613065327       101832.276774
     0.527638190955       101832.526777
     0.532663316583       101832.795745
     0.537688442211       101833.099822
     0.542713567839       101833.438555
     0.547738693467       101833.803329
     0.552763819095       101834.194954
     0.557788944724       101834.615641
     0.562814070352       101835.067212
      0.56783919598       101835.548032
     0.572864321608       101836.056225
     0.577889447236       101836.593473
     0.582914572864       101837.154708
     0.587939698492       101837.739266
     0.592964824121       101838.349685
     0.597989949749        101838.97467
     0.603015075377       101839.605068
     0.608040201005       101840.251301
     0.613065326633       101840.921811
     0.618090452261       101841.604363
     0.623115577889       101842.290967
     0.628140703518        101842.97963
     0.633165829146       101843.670413
     0.638190954774       101844.364481
     0.643216080402       101845.059081
      0.64824120603       101845.768126
     0.653266331658       101846.503382
     0.658291457286       101847.258104
     0.663316582915       101848.032252
     0.668341708543       101848.841764
     0.673366834171       101849.694803
     0.678391959799       101850.598244
     0.683417085427       101851.575309
     0.688442211055       101852.634632
     0.693467336683       101853.783838
     0.698492462312       101855.043007
      0.70351758794       101856.431006
     0.708542713568       101857.980783
     0.713567839196       101859.724268
     0.718592964824       101861.690513
     0.723618090452        101863.92023
      0.72864321608       101866.468185
     0.733668341709       101869.406041
     0.738693467337       101872.807236
     0.743718592965       101876.749828
     0.748743718593       101881.311455
     0.753768844221       101886.528963
     0.758793969849       101892.267281
     0.763819095477       101898.214832
     0.768844221106       101903.901051
     0.773869346734       101908.846022
     0.778894472362       101912.855211
      0.78391959799       101915.941576
     0.788944723618       101918.268247
     0.793969849246       101920.252024
     0.798994974874       101922.188749
     0.804020100503       101923.906185
     0.809045226131       101925.070388
     0.814070351759       101925.401634
     0.819095477387       101924.748432
     0.824120603015       101923.226998
     0.829145728643       101921.135126
     0.834170854271       101918.863194
     0.839195979899       101916.809546
     0.844221105528       101915.221312
     0.849246231156       101914.183719
     0.854271356784       101913.693005
     0.859296482412       101913.688625
      0.86432160804        101914.07236
     0.869346733668       101914.716967
     0.874371859296       101915.477051
     0.879396984925       101916.225219
     0.884422110553       101916.851259
     0.889447236181       101917.281442
     0.894472361809       101917.512898
     0.899497487437       101917.579954
     0.904522613065       101917.533639
     0.909547738693       101917.447616
     0.914572864322        101917.38836
      0.91959798995        101917.39782
     0.924623115578       101917.499589
     0.929648241206        101917.68213
     0.934673366834       101917.898379
     0.939698492462       101918.086305
      0.94472361809        101918.19871
     0.949748743719       101918.244089
     0.954773869347        101918.29763
     0.959798994975       101918.377971
     0.964824120603       101918.471113
     0.969849246231       101918.581359
     0.974874371859       101918.721678
     0.979899497487       101918.893281
     0.984924623116       101919.044582
     0.989949748744       101919.138438
     0.994974874372        101919.19827
                  1       101919.188155
